100
200
301
201
200
100
450
450
500
100
100
100
450
500
600
700
100
200
301
100
200
301
201
200
100
450
450
500
100
100
100
450
500
600
700
100
200
301
100
200
301
201
200
100
450
450
500
100
100
100
450
500
600
700
100
200
301
100
200
301
201
200
100
450
450
500
100
100
100
450
500
600
700
100
200
301
100
200
301
201
200
100
450
450
500
100
100
100
450
500
600
700
100
200
301
100
200
301
201
200
100
450
450
500
100
100
100
450
500
600
700
100
200
301
100
200
301
201
200
100
450
450
500
100
100
100
450
500
600
700
100
200
301
100
200
301
201
200
100
450
450
500
100
100
100
450
500
600
700
100
200
301