100
200
301
201
200
100
450
450
500
100
100
100
450
500
600
111
112
119
111
111
111
111
120
120
121
111
111
112
111
120
900
900
100
200
301
201
200
100
450
450
500
100
100
100
450
500
600
111
112
119
111
111
111
111
120
120
121
111
111
112
111
120
900
900
100
200
301
201
200
100
450
450
500
100
100
100
450
500
600
111
112
119
111
111
111
111
120
120
121
111
111
112
111
120
900
900
100
200
301
201
200
100
450
450
500
100
100
100
450
500
600
111
112
119
111
111
111
111
120
120
121
111
111
112
111
120
900
900
100
200
301
201
200
100
450
450
500
100
100
100
450
500
600
111
112
119
111
111
111
111
120
120
121
111
111
112
111
120
900
900
100
200
301
201
200
100
450
450
500
100
100
100
450
500
600
111
112
119
111
111
111
111
120
120
121
111
111
112
111
120
900
900